664891f;6421;049857a0;;2;}g3;39175l;3857;2;{;;;0 (1, 0, 3, 7, 4, 2, 5, 6)
86489;1;3421;;90157a06079}g3;456f5l;3;;;;2;{;782 (1, 0, 3, 7, 4, 2, 6, 5)
86489406;421;9;1557a0;;f2}g3;86;75l;331792;{;;;0 (1, 0, 3, 7, 4, 5, 2, 6)
f64890123421;890;57a06789}g3;41675l;35;;;2;{;;;; (1, 0, 3, 7, 4, 5, 6, 2)
16489;98;421;;07;57a0;606}g3;7;f35l;358;22;{;419 (1, 0, 3, 7, 4, 6, 2, 5)
;6489;;2;421;795857a0f691}g3;1;735l;368402;{;;;0 (1, 0, 3, 7, 4, 6, 5, 2)
264890108421;896;57a067;3}g3;45195l;3;;7;2;{;;;f (2, 0, 3, 7, 4, 1, 5, 6)
;64890077421;;94;57a0;29;}g3;116;5l;3f85;2;{;368 (2, 0, 3, 7, 4, 1, 6, 5)
264896908421;;;6;57a070;3}g3;;4195l;3817;2;{;;5f (2, 0, 3, 7, 4, 5, 1, 6)
464896;98421;16f;57a02;;3}g3;01;95l;3577;2;{;08; (2, 0, 3, 7, 4, 5, 6, 1)
964894062421;;;1557a0738f}g3;;0;;5l;3891;2;{;67; (2, 0, 3, 7, 4, 6, 1, 5)
064896803421;61;757a0;f89}g3;;4175l;3;9;;2;{;2;5 (2, 0, 3, 7, 4, 6, 5, 1)
;64890;7;421;965457a09;10}g3;76385l;382f;2;{;1;; (5, 0, 3, 7, 4, 1, 2, 6)
764890024421;;68157a0;f;9}g3;15375l;3;;962;{;;;8 (5, 0, 3, 7, 4, 1, 6, 2)
f6489;793421;819;57a0;286}g3;4;6;5l;300;52;{;71; (5, 0, 3, 7, 4, 2, 1, 6)
f64890123421;890157a06789}g3;45675l;3;;;;2;{;;;; (5, 0, 3, 7, 4, 2, 6, 1)
664899;21421;3;9f57a0;16;}g3;;8405l;305;;2;{;877 (5, 0, 3, 7, 4, 6, 1, 2)
f64890123421;890157a06789}g3;45675l;3;;;;2;{;;;; (5, 0, 3, 7, 4, 6, 2, 1)
664890;;0421;919757a01;2;}g3;8f475l;3;6;32;{;85; (6, 0, 3, 7, 4, 1, 2, 5)
964890123421;891057a067;f}g3;45675l;3;;;;2;{;;;8 (6, 0, 3, 7, 4, 1, 5, 2)
66489;8;;421;f19;57a0090;}g3;68575l;31;232;{;47; (6, 0, 3, 7, 4, 2, 1, 5)
66489092;421;41;857a07;31}g3;;9575l;36;;02;{;f;8 (6, 0, 3, 7, 4, 2, 5, 1)
964896923421;;;1057a070;f}g3;;4675l;381;;2;{;;58 (6, 0, 3, 7, 4, 5, 1, 2)
;64898206421;48;157a0f7;9}g3;93175l;35;;;2;{;06; (6, 0, 3, 7, 4, 5, 2, 1)
